Aatrox 13 12,5 12 11,5 11 0,5 0,5 0,5 0,5 0,5 12 11 10 9 8 100 85 70
Ahri 7 7 7 7 7 9 8 7 6 5 12 12 12 12 12 110 95 80     
Akali 6 5,5 5 4,5 4 20 20 20 20 20 5 4,5 4 3,5 3 30 22,5 15      
Alistar 17 16 15 14 13 14 13 12 11 10 12 12,5 11 10,5 10 120 100 80    
Amumu 16 14 12 10 8 1 1 1 1 1 10 9 8 7 6 150 130 110     
Anivia 12 11 10 9 8 17 17 17 17 17 4 4 4 4 4 6 6 6 
Annie 4 4 4 4 4 8 8 8 8 8 10 10 10 10 10 120 100 80     
Ashe 0 0 0 0 0 15 12,5 10 7,5 5 90 80 70 60 50 100 90 80     
AurelionSol 10 10 10 10 10 6 5,5 5 4,5 4 60 55 50 45 40 120 100 80
Azir 10 9 8 7 6 10 9 8 7 6 19 18 17 16 15 140 120 100     
Bard 11 10 9 8 7 12 12 12 12 12 18 17 16 15 14 130 115 90     
Blitzcrank 20 19 18 17 16 15 15 15 15 15 9 8 7 6 5 60 40 20
Brand 8 7,5 7 6,5 6 10 9,5 9 8,5 8 10 9 8 7 6 105 90 75     
Braum 10 9 8 7 6 14 13 12 11 10 18 16 14 12 10 140 120 100 
Caitlyn 10 9 8 7 6 45 32,5 20 12,5 10 16 14,5 13 11,5 10 90 75 60     
Camille 9 8,25 7,5 6,75 6 15 13,5 12 10,5 9 16 14,5 13 11,5 10 140 115 90 
Cassiopeia 3,5 3,5 3,5 3,5 3,5 18 17 16 15 14 0,75 0,75 0,75 0,75 0,75 120 100 80
Chogath 9 9 9 9 9 13 12 11 10 9 0 0 0 0 0 80 80 80
Corki 8 8 8 8 8 20 19 18 17 16 16 16 16 16 16 12 11 10
Darius 9 8 7 6 5 9 8 7 6 5 24 21 18 15 12 120 100 80     
Diana 10 9 8 7 6 10 10 10 10 10 26 24 22 20 18 25 20 15     
DrMundo 4 4 4 4 4 4 4 4 4 4 6 6 6 6 6 100 85 70     
Draven 12 11 10 9 8 12 12 12 12 12 18 17 16 15 14 120 100 90     
Ekko 9 8,5 8 7,5 7 22 20 18 16 14 11 10 9 8 7 110 90 70      
Elise 6 6 6 6 6 12 12 12 12 12 14 13 12 11 10 4 4 4     
Evelynn 1,5 1,5 1,5 1,5 1,5 15 15 15 15 15 9 9 9 9 9 120 100 80     
Ezreal 6,5 6 5,5 5 4,5 9 9 9 9 9 19 17,5 16 14,5 13 120 120 120     
Fiddlesticks 15 14 13 12 11 4 3,75 3,5 3,25 3 12 11,5 11 10,5 10 150 140 130     
Fiora 16 14 12 10 8 24 22 20 18 16 13 11 9 7 5 110 90 70     
Fizz 8 7,5 7 6,5 6 10 9,5 9 8,5 8 18 16 14 12 10 100 85 70     
Galio 10 9 8 7 6 16 15 14 13 12 14 13 12 11 10 160 140 120   
Gangplank 5 5 5 5 5 22 20 18 16 14 18 16 14 12 10 180 160 140      
Garen 8 8 8 8 8 24 23 22 21 20 9 9 9 9 9 120 100 80     
Gnar 20 17,5 15 12,5 10 15 13 11 9 7 22 19,5 17 14,5 12 120 100 80     
Gragas 11 10 9 8 7 8 7 6 5 4 16 15 14 13 12 100 90 80     
Graves 14 13 12 11 10 26 24 22 20 18 18 17 16 15 14 120 100 80     
Hecarim 4 4 4 4 4 22 21 20 19 18 24 22 20 18 16 140 120 100     
Heimerdinger 20 20 20 20 20 11 10 9 8 7 12 12 12 12 12 100 80 60     
Illaoi 10 9 8 7 6 4 4 4 4 4 20 18 16 14 12 120 105 90
Irelia 14 12 10 8 6 15 15 15 15 15 8 8 8 8 8 110 85 60     
Ivern 14 13 12 11 10 40 36 32 28 24 12 11 10 9 8 160 140 120     
Janna 14 13 12 11 10 12 12 12 12 12 10 10 10 10 10 150 135 120     
JarvanIV 10 9 8 7 6 12 12 12 12 12 13 12,5 12 11,5 11 120 105 90 
Jax 10 9 8 7 6 7 6 5 4 3 16 14 12 10 8 80 80 80     
Jayce(Hammer) 16 14 12 10 8 10 10 10 10 10 15 14 13 12 11 6 6 6     
Jayce 8 8 8 8 8 13 11,4 9,8 8,2 6,6 16 16 16 16 16 6 6 6
Jhin 7 6,5 6 5,5 5 14 14 14 14 14 28 27 26 25 24 120 105 90     
Jinx 0,9 0,9 0,9 0,9 0,9 10 9 8 7 6 24 20,5 17 13,5 10 90 75 60     
Kalista 8 8 8 8 8 90 80 70 60 50 14 12,5 11 9,5 8 120 90 60     
Karma 7 6,5 6 5,5 5 12 10 9,5 9 8,5 8 8 8 8 8 45 42 39      
Karthus 1 1 1 1 1 18 18 18 18 18 0 0 0 0 0 200 180 160     
Kassadin 9 9 9 9 9 7 7 7 7 7 5 5 5 5 5 6 4 2     
Katarina 11 10 9 8 7 15 14 13 12 11 14 12,5 11 9,5 8 90 60 45     
Kayle 8 8 8 8 8 15 15 15 15 15 16 16 16 16 16 100 90 80     
Kennen 8 7 6 5 4 14 12 10 8 6 10 9 8 7 6 120 120 120     
KhaZix 4 4 4 4 4 9 9 9 9 9 20 18 16 14 12 100 90 80
Kindred 9 9 9 9 9 18 17 16 15 14 16 15 14 13 12 160 130 100 
Kled 9 8,5 8 7,5 7 14 12,5 11 9,5 8 14 13 12 11 10 160 140 120      
KogMaw 8 8 8 8 8 17 17 17 17 17 12 12 12 12 12 2 1,5 1
Leblanc 6 6 6 6 6 18 16 14 12 10 14 13,25 12,5 11,75 11 54 42 30     
LeeSin 11 10 9 8 7 14 14 14 14 14 10 10 10 10 10 110 85 60     
Leona 9 8 7 6 5 14 14 14 14 14 13 12 11 10 9 90 75 60     
Lissandra 6 5,25 4,5 3,75 3 14 13 12 11 10 24 21 18 15 12 130 105 80
Lucian 9 8 7 6 5 14 13 12 11 10 18 17 16 15 14 110 100 90     
Lulu 7 7 7 7 7 16 15 14 13 12 10 10 10 10 10 110 95 80     
Lux 15 14 13 12 11 14 13 12 11 10 10 10 10 10 10 80 65 50 
Malphite 8 8 8 8 8 12 12 12 12 12 7 7 7 7 7 130 115 100 
Malzahar 6 6 6 6 6 8 8 8 8 8 15 13 11 9 7 120 100 80 
Maokai 8 7,25 6,5 5,75 5 13 12 11 10 9 11 11 11 11 11 120 100 80
MasterYi 18 17 16 15 14 35 35 35 35 35 18 17 16 15 14 85 85 85 
MissFortune 7 6 5 4 3 12 12 12 12 12 14 13 12 11 10 120 110 100     
Mordekaiser 10 8,5 7 6,5 6 12 11 10 9 8 6 5,75 5,5 5,25 5 120 105 90     
Morgana 11 11 11 11 11 10 10 10 10 10 23 21 19 17 15 120 110 100     
Nami 14 13 12 11 10 10 10 10 10 10 11 11 11 11 11 120 110 100     
Nasus 8 7 6 5 4 15 14 13 12 11 12 12 12 12 12 120 120 120     
Nautilus 18 16 14 12 10 18 18 18 18 18 7 6,5 6 5,5 5 140 110 80 
Nidalee 6 6 6 6 6 13 12 11 10 9 12 12 12 12 12 3 3 3   
Nocturne 10 10 10 10 10 20 18 16 14 12 15 14 13 12 11 150 125 100    
Nunu 12 11 10 9 8 15 15 15 15 15 6 5,5 5 4,5 4 110 100 90     
Olaf 7 7 7 7 7 16 16 16 16 16 12 11 10 9 8 100 90 80     
Orianna 6 5,25 4,5 3,75 3 9 9 9 9 9 9 9 9 9 9 110 95 80     
Pantheon 4 4 4 4 4 13 12 11 10 9 10 9 8 7 6 150 135 120     
Poppy 9 8 7 6 5 24 22 20 18 16 14 13 12 11 10 140 120 100
Quinn 11 10,5 10 9,5 9 50 45 40 35 30 12 11 10 9 8 3 3 3
Rakan 12 10,5 9 7,5 6 18 16,5 15 13,5 12 20 18 16 14 12 120 110 100 
Rammus 16 13,5 11 8,5 6 6 6 6 6 6 12 12 12 12 12 100 80 60     
RekSai 4 4 4 4 4 4 4 4 4 4 10 8 6 4 2 100 80 60
Renekton 8 8 8 8 8 13 12 11 10 9 18 17 16 15 14 120 120 120     
Rengar 4 4 4 4 4 20 18 16 14 12 10 10 10 10 10 130 100 70
Riven 13 13 13 13 13 11 10 9 8 7 10 9 8 7 6 130 95 60     
Rumble 6 6 6 6 6 6 6 6 6 6 6 6 6 6 6 110 100 90     
Ryze 6 6 6 6 6 13 12 11 10 9 3,25 3 2,75 2,5 2,25 120 120 120     
Sejuani 13 12,5 12 11,5 11 9 8 7 6 5 10 9 8 8 8 120 100 80     
Shaco 16 15,5 15 14,5 14 16 16 16 16 16 8 8 8 8 8 100 90 80      
Shen 8 7,25 6,5 5,75 5 18 16,5 15 13,5 12 18 16 14 12 10 200 180 160    
Shyvana 9 8 7 6 5 12 12 12 12 12 12 11 10 9 8 0 0 0     
Singed 14 14 14 14 14 10 10 10 10 10 0 0 0 0 0 100 100 100     
Sion 10 9 8 7 6 13 13 13 13 13 12 11 10 9 8 140 100 60     
Sivir 9 9 9 9 9 12 10,5 9 7,5 6 22 19 16 13 10 120 100 80 
Skarner 3,5 3,25 3 2,75 2,5 13 12,5 12 11,5 11 14 13,5 13 12,5 12 120 100 80     
Sona 8 7,2 6 4,8 4,8 10 9 7,5 6 6 12 10,8 9 7,2 7,2 140 120 100     
Soraka 5 5 5 5 5 8 6,5 5 3,5 2 24 22 20 18 16 160 145 130     
Swain 14 13 12 11 10 18 16 14 12 10 10 10 10 10 10 20 20 20      
Syndra 4 4 4 4 4 12 11 10 9 8 16 15 14 13 12 120 100 80     
TahmKench 6 6 6 6 6 14 13 12 11 10 6 6 6 6 6 120 110 100
Taliyah 9 7,5 6 4,5 3 16 15 14 13 12 16 14 12 10 8 180 150 120
Talon 8 7,5 7 6,5 6 9 9 9 9 9 160 135 110 85 60 100 80 60     
Taric 15 15 15 15 15 15 15 15 15 15 15 15 15 15 15 160 130 100     
Teemo 8 8 8 8 8 17 17 17 17 17 0 0 0 0 0 30 25 20 
Thresh 20 18 16 14 12 22 20,5 19 17,5 16 9 9 9 9 9 140 120 100     
Tristana 20 19 18 17 16 22 20 18 16 14 16 15,5 15 14,5 14 100 85 70     
Trundle 4 4 4 4 4 15 15 15 15 15 22 20 18 16 14 110 90 70     
Tryndamere 12 12 12 12 12 14 14 14 14 14 13 12 11 10 9 110 100 90     
TwistedFate 6 6 6 6 6 6 6 6 6 6 0 0 0 0 0 180 150 120
Twitch 16 16 16 16 16 13 12 11 10 9 12 11 10 9 8 90 90 90      
Udyr 6 6 6 6 6 6 6 6 6 6 6 6 6 6 6 6 6 6    
Urgot 2 2 2 2 2 16 15 14 13 12 15 14 13 12 11 120 100 80     
Varus 20 18 16 14 12 0 0 0 0 0 18 16 14 12 10 110 90 70     
Vayne 6 5 4 3 2 0 0 0 0 0 20 18 16 14 12 100 85 70     
Veigar 7 6,5 6 5,5 5 10 9,5 9 8,5 8 18 17 16 15 14 120 100 80     
VelKoz 7 7 7 7 7 19 18 17 16 15 16 15 14 13 12 120 100 80
Vi 16 14 12 10 8 0 0 0 0 0 14 12,5 11 9,5 8 150 115 80 
Viktor 8 7 6 5 4 17 16 15 14 13 13 12 11 10 9 120 110 100     
Vladimir 9 8 7 6 5 28 25 22 19 16 13 11 9 7 5 150 135 120     
Volibear 12 11 10 9 8 18 18 18 18 18 11 11 11 11 11 100 90 80   
Warwick 6 6 6 6 6 120 105 90 75 60 15 14 13 12 11 110 90 70     
Wukong 9 8 7 6 5 18 16 14 12 10 8 8 8 8 8 120 105 90     
Xayah 10 9 8 7 6 20 19 18 17 16 12 11 10 9 8 140 130 120     
Xerath 9 8 7 6 5 14 13 12 11 10 13 12,5 12 11,5 11 130 115 100   
XinZhao 9 8 7 6 5 16 15 14 13 12 12 12 12 12 12 120 110 100
Yasuo 4 4 4 4 4 26 24 22 20 18 0,5 0,4 0,3 0,2 0,1 80 55 30     
Yorick 7 6,5 6 5,5 5 20 18 16 14 12 12 11 10 9 8 160 150 140     
Zac 12 11 10 9 8 5 5 5 5 5 24 21 18 15 12 130 115 100 
Zed 6 6 6 6 6 22 20 18 16 14 5 4,5 4 3,5 3 120 100 80      
Ziggs 6 5,5 5 4,5 4 26 24 22 20 18 16 16 16 16 16 120 105 90      
Zilean 10 9,5 9 8,5 8 14 12 10 8 6 15 15 15 15 15 120 90 60      
Zyra 7 6,5 6 5,5 5 20 18 16 14 12 12 12 12 12 12 130 120 110